8890
13016121
67252941
6731940
152429167
22229
2670789
11689289
23585
13452114
111955748
3441397
156922253
15023
18972
2437766
19310
26287883
34264479
18279
12590598
57745474
26212888
22887290
581106
29244
2870107
47248569
173594354
2202702
195040126
3835155
5867838
2818912
2389
33035909
14135
66845797
117650704
33290861
12467322
17760
2624
15735885
11450662
3839984
22679
18628
26841
11941809
3895876
147376331
29761
23945
26208356
6776027
885094
22375
2245144
13918289
24035
2526015
115900584
58221328
113921507
162096549
195986
4650683
18633867
190576455
11101432
3882
140991102
4758049
3325915
589779
39194469
297054
5586336
18256
19238
89367099
23721403
12961097
134449084
179133988
18405315
112977414
14224334
5727832
4716
25300362
45433728
6614
24753
37745879
13410903
57061650
180302633
13240
12203850
18670231
28279
34656756
17622065
125961103
183078620
148164468
28696307
1274
17646509
57670733
119516846
6848595
28558576
18793
2311587
1204022
16289367
129619780
124495829
11818028
77703916
184242357
16485900
163382289
114531842
25075
18277
13065
24746
145490824
24071
17115350
136748135
128979274
6868872
11017733
120154813
24917
68114963
247671
14216395
15775162
5547869
5896
28424
57772671
14206765
26382
28481
23711
124067119
7790284
1424900
124995080
28239
22506495
19040
26066690
47236729
137951858
47684190
28631713
14089
136365985
2263490
2580
22231
11295738
68390891
37287040
33330855
26885226
66435017
58999212
38229876
13054239
35677527
15545
16777576
88101657
22481977
24685897
194867166
55758774
56642602
55000966
44347296
24990
11864863
136932219
26130
191766903
2459276
66279617
165372532
22770
13172
15702360
12294472
58624467
5822135
225364040
19775
18837
2801939
29966
1360910
110620845
49604316
18184589
136729342
12748989
8852557
17675
155669586
153911909
19970
79444149
17097
17697
25238
221777652
58820623
28636209
164134818
1434045
37483066
225864839
14776325
131903881
33460198
27954513
24193825
11706389
112718619
13968
15503536
5913931
25752
19250
77780119
12301389
1185190
28264871
113238092
6914
13387
1553
14184
3730103
16262219
2534292
17607463
35511332
26803
22024363
1304270
13343
3598
38443052
136548677
551402
24098617
11511363
19334740
33053388
2810482
19557837
2907
193588839
22447482
14922733
56819539
2545076
2816361
4737348
68074058
154227328
57228211
59089440
3856187
58942936
1796846
1213274
24098
126928447
22442705
26679
6927647
773174
2865846
18422857
158851913
3375723
22234933
23567
26791128
15940
34940283
3608916
37487649
19583438
22460922
14863076
16470966
88288828
145165738
15909
123456789
27485
27839822
112406785
3782147
23149097
4564320
1556
112152123
1530511
11708615
19906106
18622887
6745
37069312
3495362
4995190
1114821
24068961
120909474
24304937
24288
44966989
190869037
24925
57646442
686201
29681
12381
17660866
6667155
37867883
129568192
56873208
9951179
26370
5665831
13206630
44842466
14914
11756
121590059
2301183
16430
111124376
16537
2972515
199550655
28217
19885
19983496
16145359
128799556
16908673
195170511
22853647
112328913
4694793
126414194
14275
1362342
14036
13398
11151
187869866
13412559
3724035
588
18082
257697
36459098
13785143
4410
150634731
146621380
15210151
19160711
163891718
16778
2220174
12396
16324
3405276
11650087
16351478
7703
14840416
2890906
24856
130952115
19884697
38885332
123507413
2670505
49423708
12120027
18100271
4901854
23354
22052644
12781
7877
332527
1822313
39263998
117905012
5583
119382035
12348118
36801149
13425291
19012
2218321
393061
18241182
1813466
1433594
158780012
15277508
9960374
194898312
148555957
23703
12069224
5829164
2494394
25073425
8979
14869694
18556018
2405030
25728233
25228839
137177398
177991557
178075827
2468892
4821
2765
196318080
18222758
138664609
142207
24630
29190
780150
375083
47356910
4815830
24235646
6642662
22740085
3504395
1727
1595839
27948
116968926
12827
12726100
1888800
16515799
15369
110934291
5647371
29266
1279117
29845
168364468
124464506
13602522
6781490
3340630
39947580
22250
77187354
38064304
235573
18022
3729020
23423
2281
17954
28650973
4715453
28960625
122677869
15474
14719823
115837255
194463939
142901386
17633116
1476574
17798
18545
1447
11681783
25232932
58791838
18325
3811581
6978477
454810
15526
26781231
2759931
12560
146804424
15163232
29623
26021
14636338
5683157
5560291
23447
26468540
18438459
25264
38067283
19776670
155956022
25168125
36893885
1739940
23276197
1948
116733735
116808981
15731133
14708912
2681738
15595848
4805914
22066
37066409
17416
3960523
166710913
1948257
45512024
2734
26046
13198363
18811769
29543
29650196
1717374
7973841
1939659
89076601
127597197
5503298
5535
13173892
13469031
12140356
12706367
2671236
152356612
36027136
6936101
14085572
26096
66950344
58144810
3700680
2670045
38078753
12843
15535
17102
2834976
158447269
4759500
23047260
1399349
25421
150834
26550890
1280771
119595619
4907124
3819
11896205
29169
2452
116867613
2205673
4419
2876943
29668
130178397
3798
28529112
56890592
133448170
23817
194809439
11592144
12770390
124947969
8818350
14400
5802681
3468
66382427
3513619
2817238
14868935
24783163
15308
15960078
225206850
47656287
23606803
23606803
